41 48 76 57 62 59 97 78 87 80 94 43 84 16 13 67 8 37 60 69 46 77 15 1 65 12 57 22 11 52 69 74 79 31 13 50 5 59 55 19 74 73 19 39 68 98 40 24 64 40 76 83 1 54 81 10 52 55 23 62 45 30 75 88 54 8 52 44 1 71 8 6 27 43 81 54 68 10 46 56 87 64 8 92 56 17 38 70 21 44 17 73 11 87 21 54 12 86 22 67 
79 28 91 90 12 28 19 23 83 15 78 82 87 4 81 60 90 8 55 35 28 62 52 2 41 37 94 55 28 7 25 2 55 46 22 18 55 17 42 34 67 34 37 83 2 45 75 32 70 46 72 98 13 93 65 76 19 58 87 45 53 45 67 96 60 64 29 97 46 99 16 69 10 81 82 96 19 0 33 7 99 84 37 45 91 95 92 13 37 61 47 87 17 79 24 23 80 88 18 29 
50 69 1 85 23 6 24 61 70 66 0 12 0 21 36 52 22 63 32 42 78 2 82 43 8 82 13 94 34 94 98 37 70 69 97 86 19 38 100 70 100 64 26 18 59 98 22 56 10 72 29 46 16 50 20 79 74 60 50 50 60 85 29 31 9 33 61 22 72 100 0 66 53 68 97 26 0 12 3 16 87 68 40 89 1 21 44 49 27 23 13 2 63 19 64 18 95 80 18 20 
67 68 75 45 87 63 80 76 96 81 30 6 37 10 20 68 35 15 97 42 53 55 5 95 53 53 99 71 61 47 64 38 53 38 99 3 32 4 39 68 96 34 42 47 70 35 68 77 6 82 63 72 10 39 77 97 35 21 88 92 30 61 23 81 78 56 8 30 97 57 24 90 72 75 16 7 13 26 6 100 97 39 99 14 34 53 82 10 23 33 77 79 94 58 16 50 67 99 6 33 
8 62 97 57 42 47 75 53 20 76 42 42 26 14 61 7 78 23 2 53 80 81 90 52 6 32 37 12 61 84 23 54 63 9 2 13 65 29 21 86 46 29 17 6 84 55 19 59 6 5 100 63 70 13 71 69 62 12 69 40 68 64 31 16 85 60 11 23 40 76 74 72 22 73 99 88 26 29 37 37 39 69 34 15 78 69 13 22 78 57 92 36 69 48 3 81 21 53 69 20 
89 12 33 22 8 79 77 55 19 3 37 92 76 97 80 90 43 40 47 79 29 10 51 27 42 39 96 91 92 64 9 11 82 51 36 34 40 97 54 27 35 31 99 43 73 63 42 51 54 88 42 3 57 55 82 79 30 35 39 6 55 92 2 7 51 54 51 12 88 27 86 21 8 35 4 0 33 65 36 15 91 30 71 91 21 12 71 50 44 83 57 72 46 64 33 79 77 52 58 87 
82 14 42 30 46 53 90 28 80 48 30 96 68 75 85 79 5 44 70 60 95 20 58 31 26 21 63 26 29 48 35 49 5 89 79 22 14 46 42 24 80 66 92 62 22 30 57 53 90 7 5 95 97 77 52 11 100 68 96 90 82 34 99 75 62 88 79 48 96 48 36 55 81 99 63 24 96 25 36 75 81 69 89 2 78 30 47 69 44 71 51 32 45 73 16 5 83 36 91 82 
59 98 12 46 39 38 27 85 38 74 26 16 9 8 9 92 78 48 98 44 44 73 39 95 14 14 71 13 55 32 78 73 45 16 29 40 84 97 58 19 69 14 49 50 82 88 34 7 29 25 35 67 42 78 47 98 58 46 31 32 11 91 93 48 13 70 99 95 75 47 12 63 84 98 73 76 34 67 56 57 64 74 86 96 77 32 67 73 96 17 16 24 66 31 65 84 84 8 17 45 
69 62 3 87 36 7 46 7 8 58 48 79 91 6 34 5 94 85 23 15 84 25 16 90 38 24 15 69 74 29 55 28 46 41 34 51 87 77 35 87 34 88 0 83 39 65 4 16 57 48 83 63 15 12 18 84 34 76 13 21 55 0 36 56 36 77 58 42 57 26 2 68 91 69 29 48 44 21 100 62 46 58 28 26 40 84 23 98 11 39 65 95 77 31 45 71 10 74 14 90 
64 28 18 92 76 54 36 51 56 52 44 6 52 86 81 54 23 78 59 15 28 1 71 55 43 86 92 90 43 68 85 41 80 76 82 98 68 11 33 51 60 17 24 30 48 100 55 74 90 26 63 45 53 59 27 71 58 45 69 58 99 10 56 72 79 28 43 20 77 67 69 43 91 81 36 64 78 53 61 69 48 20 48 53 25 41 14 96 84 94 2 61 63 77 76 20 12 66 66 64 
31 29 99 65 57 98 55 98 35 89 38 9 94 78 44 31 94 15 38 26 79 66 21 52 94 2 8 35 28 95 22 30 93 84 99 40 23 53 16 61 34 33 73 37 65 85 97 47 94 10 93 24 35 36 30 97 47 60 62 8 91 85 3 15 56 32 30 73 35 26 60 19 7 8 75 6 38 58 27 53 88 26 69 83 40 56 65 36 64 77 98 82 82 61 22 27 64 69 38 82 
75 4 39 7 55 5 78 93 38 61 27 49 20 82 62 53 69 9 78 95 97 10 58 80 64 0 97 50 92 73 41 50 88 98 32 8 62 100 32 78 41 75 79 99 31 32 46 53 24 79 10 18 89 23 6 51 23 39 27 21 86 28 46 82 39 29 91 43 60 33 13 1 4 46 71 99 78 48 53 29 24 91 100 17 37 9 88 59 45 59 63 84 76 6 93 9 79 62 10 62 
59 42 27 67 29 94 15 48 65 27 56 73 58 53 36 36 38 37 59 58 38 79 49 27 35 98 30 37 67 70 90 56 27 73 3 73 93 97 53 92 69 14 50 23 23 54 50 32 14 95 13 82 48 63 1 32 47 80 45 39 43 41 62 68 35 59 47 95 63 75 1 56 6 42 43 52 39 35 86 49 89 58 82 49 33 73 4 9 92 98 59 27 85 32 18 86 55 38 5 70 
98 42 12 48 5 83 73 10 67 84 78 61 47 63 44 85 20 54 82 97 4 47 13 1 47 43 52 77 51 43 7 58 55 91 13 66 40 93 2 16 80 97 39 54 14 96 34 88 51 43 14 62 48 7 23 41 95 54 73 28 57 59 5 74 13 53 66 2 78 59 46 43 33 42 89 65 75 57 11 86 28 11 83 29 1 6 78 47 38 86 17 100 24 16 30 61 18 87 90 71 
59 12 96 78 87 50 56 34 52 46 95 31 99 93 27 38 15 3 21 22 39 72 71 20 40 99 79 6 93 40 14 51 44 81 24 82 30 1 61 81 27 47 33 89 44 45 35 33 96 67 78 0 17 35 46 92 59 4 15 99 73 43 37 91 7 88 19 93 88 79 3 21 50 5 35 30 11 1 3 14 14 47 12 49 23 73 95 98 42 64 41 83 24 7 25 26 18 47 50 52 
36 24 22 85 22 40 3 50 46 51 79 51 53 67 15 26 13 12 98 31 63 11 69 5 33 22 3 69 10 68 12 16 24 48 41 94 7 6 59 23 35 75 54 100 33 7 50 100 27 41 44 93 68 5 51 82 15 61 15 27 76 33 96 25 9 80 12 18 50 7 41 27 18 17 54 75 51 55 61 96 35 9 46 26 26 13 58 88 37 77 1 6 32 18 71 82 100 79 75 92 
44 77 25 87 73 77 42 88 35 34 45 42 79 67 61 8 8 5 51 45 85 49 56 77 93 30 30 94 42 44 49 99 54 79 24 65 7 27 11 18 67 100 73 37 92 52 37 39 53 80 86 22 16 17 95 79 47 56 72 62 52 50 51 26 88 24 68 43 86 100 72 14 64 93 57 52 45 4 71 76 58 99 88 4 57 26 4 4 33 9 19 28 86 60 3 24 72 87 30 99 
35 89 13 50 92 14 91 18 69 63 86 77 62 55 70 74 75 36 39 46 22 75 74 35 88 52 30 18 97 15 8 29 16 19 37 56 71 26 5 56 63 97 54 29 19 48 27 26 11 3 59 19 71 17 41 79 23 94 51 43 25 74 16 51 38 81 65 43 9 48 31 82 27 9 83 34 32 59 30 71 13 58 53 90 10 100 19 72 71 69 66 89 32 11 21 91 78 75 69 47 
2 70 76 95 43 21 35 56 35 6 33 22 58 61 6 39 100 89 66 11 43 76 97 2 12 94 37 53 66 36 100 90 24 1 6 40 98 81 45 64 50 90 48 15 83 46 77 72 34 68 23 73 35 88 89 75 90 30 96 33 61 6 25 49 12 31 16 16 11 62 9 93 12 50 32 47 0 53 25 52 31 19 92 20 30 41 38 69 52 64 56 24 70 73 95 8 53 96 30 99 
63 89 71 7 78 33 76 3 96 71 53 57 8 63 25 9 31 27 10 12 94 25 87 59 4 58 56 24 61 54 25 62 77 74 12 82 66 53 37 20 98 37 88 94 54 70 39 95 88 83 50 63 52 82 34 81 49 87 33 3 44 4 57 66 65 92 71 13 13 57 42 85 2 31 44 90 4 8 56 13 85 67 19 100 79 41 61 11 88 27 49 60 83 81 33 69 79 31 30 21 
99 3 100 13 45 97 77 24 89 53 39 99 48 16 92 57 45 66 23 61 57 7 41 56 47 10 33 63 45 47 77 49 10 69 81 2 12 42 27 95 17 26 13 66 23 89 3 56 37 70 30 58 82 50 3 50 33 35 70 77 69 19 87 8 59 31 49 86 80 44 37 24 96 82 7 99 37 79 71 0 1 86 84 52 36 5 37 0 11 15 25 9 63 54 85 73 55 19 86 65 
19 74 90 5 55 42 8 41 59 55 58 11 75 55 43 47 61 6 34 72 7 67 35 47 19 27 66 70 2 72 62 18 54 39 46 52 6 82 15 92 79 73 42 98 50 53 20 99 34 26 8 31 82 50 86 20 16 88 87 94 65 24 18 8 42 51 81 50 49 62 58 70 60 7 31 82 13 70 8 48 68 84 55 86 36 19 47 15 17 85 56 19 37 45 82 6 18 37 77 24 
23 52 56 77 37 61 51 47 42 32 78 81 90 54 20 100 11 69 60 82 85 55 26 27 57 69 54 48 69 44 20 64 97 62 83 5 16 56 81 32 36 1 33 89 11 99 3 62 86 22 25 68 50 17 52 76 97 1 76 38 76 52 89 95 96 26 23 75 0 10 15 41 17 56 71 1 100 93 73 100 0 71 10 87 62 83 14 6 58 24 1 56 13 86 70 89 90 76 45 75 
100 26 29 76 94 48 98 77 81 13 74 33 43 42 96 5 91 23 16 3 74 50 37 72 22 30 7 78 1 19 27 11 48 17 87 85 24 12 91 88 90 82 56 50 98 84 0 32 48 93 36 84 88 66 97 0 70 81 18 37 67 10 3 54 37 70 49 59 11 80 76 20 92 74 21 29 92 91 53 1 30 46 95 77 39 92 54 33 46 92 28 12 48 69 97 89 13 64 79 47 
67 76 83 58 34 56 96 64 93 32 71 76 35 33 45 29 24 1 45 4 92 2 78 10 34 45 65 37 63 94 60 97 6 28 91 4 86 41 85 85 52 65 17 23 78 3 34 40 28 60 34 38 53 22 18 73 63 70 40 49 34 20 17 30 8 54 43 3 66 49 56 11 27 5 41 77 12 40 61 49 34 47 95 99 99 89 15 7 30 26 51 97 74 18 61 86 43 60 58 24 
60 81 36 30 9 100 81 34 48 80 44 56 76 4 22 45 46 62 33 9 47 96 30 34 99 61 83 34 31 22 40 12 24 70 35 77 73 8 99 3 73 55 77 98 89 33 63 68 33 87 28 31 93 25 7 36 91 60 53 88 5 13 21 43 16 75 22 6 63 58 41 64 74 100 63 81 17 52 74 58 73 18 34 82 47 48 20 97 82 11 74 48 64 65 99 97 77 51 87 2 
29 79 56 96 66 66 71 82 77 34 25 22 87 29 3 46 48 45 84 70 39 69 86 87 32 60 76 47 71 32 95 8 41 71 7 32 10 39 40 29 77 3 86 31 86 35 94 50 97 100 74 9 37 83 73 95 54 88 33 34 14 17 26 94 79 24 20 84 86 7 1 21 69 87 28 87 37 3 32 32 56 62 25 51 57 65 57 62 8 22 94 16 59 48 72 51 71 38 80 69 
1 18 50 32 83 80 28 17 36 89 24 51 1 61 64 91 51 98 21 69 76 40 55 43 63 10 43 50 41 21 30 69 78 91 33 73 19 6 23 25 29 73 53 97 17 46 72 5 94 24 50 60 48 19 59 32 23 32 51 97 38 92 68 48 29 56 25 89 40 31 20 28 57 76 2 77 63 98 92 3 91 15 3 73 60 52 86 12 58 41 55 18 7 33 85 27 41 82 84 71 
77 90 100 87 30 28 24 7 70 93 62 49 29 29 13 18 34 34 45 30 6 15 85 40 76 41 94 28 97 53 19 70 29 74 41 64 37 58 50 39 51 21 29 60 100 3 39 69 45 67 10 55 71 32 31 5 46 30 22 5 19 47 61 99 66 76 71 68 17 29 48 92 74 55 54 63 97 11 80 83 92 7 34 54 19 65 12 11 7 57 90 77 1 26 90 56 29 44 100 87 
55 100 0 58 74 92 93 67 30 47 48 24 27 29 15 91 4 22 38 51 21 21 98 42 19 56 1 87 55 4 19 48 90 1 18 16 33 91 78 96 82 45 34 88 71 59 7 33 14 6 86 49 18 66 87 46 28 9 79 57 62 87 87 73 68 64 6 77 36 19 67 24 98 0 97 89 95 34 19 16 68 27 8 59 78 24 52 80 84 35 87 64 17 25 68 75 44 32 4 2 
93 18 36 58 61 9 44 54 3 29 86 47 78 86 17 24 81 46 25 27 5 38 47 97 73 26 97 100 65 98 85 36 58 19 27 75 84 19 77 20 23 1 97 34 21 51 2 11 48 17 39 33 64 91 97 35 15 38 39 5 29 17 12 95 6 73 79 76 54 0 49 18 77 48 0 54 83 50 89 22 80 44 32 71 86 30 0 22 54 0 64 48 2 13 37 74 17 31 48 62 
15 26 34 79 69 38 58 79 34 4 65 23 19 86 71 58 39 81 79 88 13 20 15 79 72 35 14 52 25 83 16 31 74 38 69 83 98 65 17 74 60 48 83 88 51 20 10 88 13 26 81 35 39 57 36 6 12 92 20 10 82 24 10 93 21 55 0 2 39 98 57 25 79 38 97 44 20 98 34 32 3 50 49 17 8 14 14 77 17 16 67 39 77 5 12 0 67 1 82 91 
22 98 26 99 43 67 40 54 22 49 69 27 61 17 0 81 83 65 58 88 51 8 9 38 40 63 92 76 83 10 71 52 73 59 87 30 9 30 33 51 43 98 85 37 12 24 49 85 31 44 90 78 72 99 87 33 71 94 49 12 13 15 47 99 100 80 12 23 52 53 9 74 6 77 28 22 46 66 55 2 68 24 96 54 54 25 21 53 15 30 21 41 47 16 85 66 62 100 1 63 
69 14 33 7 9 29 44 64 6 93 90 24 92 47 34 66 63 43 53 60 31 9 97 37 45 100 96 99 21 94 32 44 15 93 59 2 89 7 64 53 44 89 44 45 36 37 71 14 9 66 62 61 43 81 92 90 98 66 54 62 44 30 4 91 86 81 35 9 45 18 49 38 80 48 98 49 26 76 27 3 90 12 64 56 13 42 3 22 70 12 47 4 47 98 32 41 84 83 68 34 
38 79 68 39 28 25 61 89 77 94 32 98 92 89 95 93 72 80 94 31 80 22 26 72 43 82 78 97 61 85 68 55 30 7 95 12 60 94 77 14 66 15 84 91 38 35 60 20 58 72 79 6 34 11 74 98 71 48 40 48 25 33 23 76 8 99 38 25 100 4 100 42 45 94 45 41 52 81 45 26 58 65 47 83 21 46 100 89 13 52 87 48 55 35 56 6 18 58 66 8 
85 29 97 35 30 31 23 21 20 95 95 96 22 38 62 68 66 82 100 24 30 40 39 31 90 52 36 37 5 0 55 53 39 29 59 55 30 52 8 36 32 10 49 58 11 45 82 26 44 14 99 30 33 17 68 26 53 51 13 49 43 0 69 55 34 6 77 32 46 4 35 54 64 15 42 29 50 19 97 18 56 81 57 57 20 44 38 38 23 60 43 47 32 0 27 30 92 92 74 97 
22 0 63 5 45 44 37 66 79 8 22 20 97 0 73 89 54 93 6 53 0 68 95 66 17 85 76 86 57 1 59 4 93 31 94 26 5 72 51 11 22 49 11 75 11 46 99 48 24 34 96 56 84 32 48 96 76 35 80 88 67 10 60 86 39 80 58 36 1 79 76 34 7 68 52 78 20 76 27 84 22 56 84 99 57 73 80 79 25 52 39 57 24 50 73 21 100 76 11 38 
62 16 66 51 7 19 77 100 28 30 31 5 74 72 43 82 38 28 4 68 36 98 13 62 72 62 31 14 1 22 6 34 72 39 90 3 71 25 43 89 65 1 32 69 8 98 98 56 45 1 36 44 33 98 56 99 67 8 58 12 47 50 1 45 9 42 36 61 99 8 74 56 87 88 53 57 62 87 91 63 57 45 72 3 60 66 54 39 62 35 67 34 40 94 75 8 67 66 59 41 
88 30 44 54 66 88 39 24 75 95 97 39 21 53 90 74 4 26 61 42 47 67 46 10 79 16 48 70 40 66 83 55 10 98 95 99 81 24 100 82 92 41 97 52 66 37 17 84 58 17 85 53 27 44 69 94 65 27 51 76 81 60 30 74 99 95 22 57 53 32 75 15 61 69 85 1 75 2 69 14 59 0 11 63 79 98 69 89 82 85 20 1 83 33 27 13 100 89 100 9 
29 73 63 62 34 26 99 24 89 16 87 98 48 42 82 76 90 32 54 41 86 16 14 29 90 20 89 13 100 100 35 8 3 58 4 72 64 18 66 87 84 68 23 19 100 78 64 55 51 14 52 58 93 69 89 60 15 86 77 66 50 70 67 78 83 89 94 52 30 83 26 24 51 88 25 52 30 8 97 39 72 36 92 46 57 30 60 30 9 40 20 69 1 98 57 45 65 9 80 62 
9 29 41 98 93 2 57 47 28 77 74 17 68 41 12 18 13 28 27 80 72 89 96 69 5 44 30 83 22 77 30 92 98 7 15 63 71 70 28 60 45 89 10 36 15 8 46 84 24 23 15 50 13 58 2 21 49 33 67 79 34 73 16 58 11 44 30 93 21 51 94 10 86 30 19 59 46 88 99 4 43 45 78 93 32 10 78 11 37 19 82 19 53 38 22 21 11 95 39 45 
79 74 17 24 25 45 31 95 29 62 30 75 82 67 49 85 70 40 20 90 63 94 23 56 60 82 22 51 32 70 55 78 98 89 23 94 85 99 58 21 10 30 36 58 47 14 100 58 48 64 73 5 31 15 58 4 14 42 72 8 5 55 41 87 61 48 34 13 10 5 99 97 61 78 97 19 100 78 67 52 81 16 34 17 39 85 5 85 100 25 32 9 89 91 6 17 75 57 58 59 
68 11 97 5 46 77 57 86 30 34 55 97 15 43 2 6 35 38 94 17 57 63 79 85 57 45 50 61 25 36 39 94 82 67 98 31 56 65 79 91 38 32 77 80 0 40 47 59 10 26 36 42 79 43 15 41 27 57 52 38 50 27 57 35 87 97 62 16 2 95 56 86 93 53 73 41 52 78 38 26 98 5 57 87 4 66 63 20 79 68 55 92 100 6 20 24 24 85 10 68 
87 53 64 9 19 8 66 23 22 13 22 50 100 81 72 92 96 5 56 31 18 20 82 30 32 47 66 16 82 33 93 99 99 25 74 51 19 72 52 45 22 52 1 32 99 0 18 16 82 57 90 11 91 83 10 88 78 91 72 42 13 26 20 58 57 100 13 97 95 55 10 4 86 95 38 6 57 32 78 1 95 30 55 93 45 36 28 98 11 56 28 98 75 3 57 67 46 97 3 83 
88 43 7 25 90 8 94 79 1 86 74 21 95 25 14 0 16 61 98 20 33 67 93 64 26 45 7 27 15 66 56 62 28 47 12 46 41 39 89 82 65 95 0 48 93 85 16 85 48 15 74 43 13 16 2 20 65 26 28 59 99 21 19 43 8 86 55 84 64 21 73 90 40 3 27 5 34 38 21 22 79 8 72 72 53 82 76 60 46 19 72 56 10 14 97 70 54 39 53 30 
78 60 79 81 99 46 61 47 99 12 70 16 30 76 78 34 42 41 31 99 41 26 86 16 100 90 69 82 80 7 45 99 7 81 74 2 17 38 27 13 79 2 19 67 52 40 77 65 64 78 60 45 86 6 13 23 17 27 14 83 6 5 42 6 68 13 50 36 5 17 4 46 59 17 41 8 85 14 32 7 61 82 66 42 92 86 76 89 42 53 57 80 74 100 28 33 59 46 1 76 
38 5 6 21 15 76 63 44 32 51 9 26 87 8 69 61 16 66 67 37 84 87 62 7 60 73 99 78 14 48 64 3 21 78 20 69 22 46 57 88 86 72 14 83 82 68 60 35 1 91 58 61 69 68 81 18 85 38 7 5 92 23 61 77 100 60 31 78 60 42 100 100 71 76 18 68 6 72 46 16 36 100 72 64 63 83 15 58 45 81 13 20 79 40 66 52 98 69 68 57 
42 55 3 97 64 23 24 14 25 43 78 5 78 41 18 76 83 65 31 8 28 74 48 52 86 56 41 6 1 37 90 42 87 78 70 90 71 75 19 64 50 14 8 28 13 17 55 44 18 39 53 80 67 65 72 16 41 20 58 13 2 82 44 67 55 36 4 66 46 59 10 31 35 95 95 26 65 77 38 78 59 68 15 77 34 3 54 46 7 28 92 71 21 74 61 75 72 74 11 88 
68 43 72 17 70 85 31 36 11 3 80 62 7 4 57 69 11 30 76 65 49 66 79 89 30 36 4 28 95 75 69 82 86 22 2 28 16 1 97 99 85 34 48 53 80 18 73 12 66 82 25 6 100 37 59 92 77 5 50 60 44 17 73 39 69 15 15 55 72 47 26 99 10 60 50 85 93 31 7 77 40 21 80 93 94 75 26 82 16 37 70 88 96 90 91 4 82 46 50 60 
30 48 68 35 68 28 51 56 59 15 78 73 68 15 81 6 67 41 74 93 11 67 10 8 66 35 30 48 25 27 95 45 16 87 34 56 18 56 42 88 15 47 67 9 19 44 95 50 74 39 93 53 70 46 62 51 20 3 72 86 56 71 100 83 90 90 65 93 50 55 25 33 90 49 11 38 29 16 3 98 57 22 11 56 82 70 62 72 79 21 24 22 52 29 18 71 59 45 19 44 
5 59 92 98 61 86 96 21 27 20 10 68 22 40 92 69 67 82 4 16 10 40 75 5 96 28 25 31 66 80 21 44 13 60 66 33 61 58 44 38 14 47 78 62 0 15 94 36 55 63 92 57 96 99 23 72 47 35 91 100 8 68 87 7 71 61 7 10 42 7 14 65 68 89 80 44 55 33 55 75 35 42 4 25 33 73 27 35 14 49 18 47 1 57 79 23 67 21 39 77 
15 86 21 64 11 28 86 95 34 19 59 88 11 50 28 87 96 30 11 70 33 24 57 75 13 29 52 24 21 64 8 49 84 45 3 26 29 83 94 46 43 64 38 28 61 91 97 14 50 40 96 30 69 25 1 31 69 54 74 77 5 67 100 57 84 84 5 35 15 66 61 72 58 41 60 100 97 70 57 72 70 95 99 38 25 67 95 69 34 30 13 79 26 56 55 28 57 45 87 98 
44 44 14 11 85 69 32 23 96 93 16 55 43 12 40 41 79 0 32 94 96 31 10 71 76 13 4 21 62 14 1 30 60 71 65 7 11 29 43 81 37 64 43 17 30 19 64 93 87 77 94 90 86 32 3 64 78 48 74 66 45 95 8 67 1 15 99 40 23 4 91 0 75 17 24 16 68 86 63 19 91 20 6 26 78 40 39 11 19 62 41 54 91 45 86 72 9 76 30 80 
14 64 57 34 46 76 33 45 74 1 13 4 49 22 75 85 23 12 10 68 58 63 64 64 62 43 70 97 23 11 48 74 35 38 21 92 44 60 27 88 36 38 53 84 11 2 9 97 19 39 11 79 46 87 57 80 88 64 15 7 13 70 83 75 27 41 60 95 82 36 89 85 74 58 3 33 83 96 17 99 98 13 48 35 58 56 75 70 36 52 92 69 92 87 55 6 1 54 62 86 
95 27 91 96 77 70 22 38 28 4 31 4 65 71 3 28 5 84 10 25 8 54 43 15 20 27 0 49 2 13 10 91 45 70 11 42 91 34 20 78 36 8 92 56 33 79 57 96 56 55 0 2 45 97 94 53 9 93 28 13 76 64 26 11 69 78 73 7 37 44 92 93 89 77 75 28 49 64 94 36 71 7 80 42 93 98 5 59 6 99 91 70 66 90 81 62 50 72 24 80 
53 32 17 47 22 72 40 75 26 55 63 78 50 33 36 5 12 62 48 58 10 29 90 43 76 64 61 98 83 49 89 30 100 44 46 96 34 49 52 66 20 97 100 59 93 4 60 50 12 66 90 46 41 87 27 90 55 58 41 37 39 36 80 99 16 72 45 72 5 15 24 64 75 45 92 23 28 98 87 85 65 68 40 86 1 54 23 68 29 23 40 68 48 58 58 35 23 61 73 33 
36 30 40 94 38 7 74 57 4 32 96 41 2 5 73 76 69 20 47 100 44 73 55 5 4 67 54 99 90 3 5 86 75 14 92 16 92 21 10 79 12 9 13 78 9 82 100 38 29 16 16 55 55 100 8 81 81 74 24 36 54 40 66 89 12 45 97 94 75 46 91 72 23 73 62 79 19 11 34 37 91 15 71 60 34 94 75 41 82 3 46 85 16 48 100 20 45 23 70 28 
55 68 59 66 75 26 55 78 7 52 22 50 66 45 90 100 89 71 21 14 64 32 17 97 10 78 84 85 72 90 99 62 4 39 88 99 70 42 37 81 59 95 51 40 98 62 79 33 62 85 59 23 29 44 85 5 48 98 95 42 82 57 49 9 40 77 11 53 43 35 92 15 100 76 42 78 25 70 63 17 46 0 43 87 49 64 83 62 10 92 29 57 90 12 72 53 83 16 9 50 
57 84 9 37 66 79 23 35 96 39 88 67 75 7 50 83 34 84 39 42 44 72 23 58 85 73 99 79 77 36 20 44 91 83 83 3 1 56 34 54 38 96 63 57 3 93 3 58 32 56 74 17 77 66 62 88 100 18 83 34 53 63 63 8 57 23 98 40 34 79 88 94 60 51 6 38 57 68 75 0 5 95 86 68 27 98 41 5 95 35 62 62 3 46 95 29 90 89 12 1 
43 5 14 23 11 34 2 11 6 36 39 97 35 98 89 63 76 100 66 94 17 72 20 53 79 28 41 9 74 20 6 22 66 79 25 11 15 58 61 95 82 95 1 40 70 43 97 81 97 87 66 38 61 78 21 10 11 94 98 63 28 93 83 40 76 31 54 44 24 31 17 12 2 39 41 72 72 54 8 25 45 5 39 2 52 49 65 5 61 65 0 9 29 1 32 69 56 68 90 100 
99 96 74 9 92 2 98 63 43 89 22 86 75 98 20 4 71 57 82 71 11 76 4 96 43 19 34 40 73 52 90 47 40 15 84 23 99 97 78 98 75 70 96 23 79 45 11 98 44 88 22 50 94 84 31 84 12 63 67 70 31 29 3 43 56 55 31 74 38 19 66 5 45 47 100 76 31 29 95 12 93 95 47 92 28 31 53 65 79 39 97 52 45 62 61 16 10 41 36 89 
79 39 56 79 80 90 11 84 40 73 52 45 26 61 13 99 95 10 86 46 23 21 52 53 23 95 32 80 64 19 46 4 73 1 86 87 88 79 47 94 11 98 30 60 55 80 91 82 51 49 15 83 81 18 93 58 88 39 40 32 43 55 82 74 42 83 31 3 99 6 91 96 93 55 73 86 82 6 52 9 78 92 33 98 2 63 38 17 89 84 64 30 66 63 15 14 37 6 100 98 
36 30 62 1 51 84 39 84 46 65 47 93 45 77 34 7 33 98 31 25 57 20 13 70 57 55 28 63 41 29 48 69 61 40 51 49 70 34 53 79 52 87 90 65 68 34 0 31 91 83 85 83 63 72 70 38 52 71 31 74 71 30 2 20 87 42 28 90 48 23 4 68 73 82 97 96 84 84 9 14 34 93 100 99 97 28 94 89 98 39 7 85 34 32 37 65 66 65 48 31 
86 24 19 46 11 33 40 75 54 25 50 94 73 14 0 6 34 51 31 44 7 83 14 31 22 28 85 43 74 74 63 98 29 7 76 84 41 56 80 84 80 18 50 51 88 19 76 98 22 94 92 52 8 51 98 27 71 11 5 45 4 5 66 82 51 33 91 95 28 22 43 46 57 27 67 38 27 51 34 51 79 12 18 75 9 34 13 92 5 0 28 28 97 23 44 5 41 88 59 78 
70 5 94 97 32 21 50 22 24 45 33 58 10 3 4 31 65 73 92 12 67 74 79 58 34 48 93 44 41 36 48 83 18 70 71 30 32 78 50 7 84 96 92 14 86 91 97 40 62 15 61 52 20 32 42 68 80 76 4 69 95 57 63 93 85 69 22 37 5 99 51 1 81 99 4 55 94 4 76 42 28 27 35 94 36 41 15 6 14 49 92 36 91 84 54 24 60 26 40 10 
56 32 91 3 84 96 45 50 9 25 62 66 36 97 81 62 33 93 3 10 48 71 79 66 8 11 1 77 16 27 89 84 31 84 1 95 1 5 69 51 96 0 99 67 94 85 83 13 51 54 61 60 31 4 63 80 79 25 7 0 29 21 6 69 37 86 74 17 64 78 69 14 73 31 92 44 97 71 27 10 49 29 44 100 71 63 78 81 10 41 93 86 11 78 97 56 68 30 40 32 
66 80 69 39 86 6 25 3 100 79 81 20 52 52 12 98 50 69 93 28 75 63 15 91 64 38 90 84 63 96 43 85 96 33 98 72 77 70 67 83 20 94 17 40 69 81 77 14 54 46 51 95 21 80 10 74 44 3 33 6 86 60 67 57 9 78 8 41 57 28 22 74 89 35 9 42 32 25 58 71 58 77 71 44 75 63 98 22 50 77 19 89 56 56 49 30 50 99 8 84 
85 34 38 0 71 79 78 12 48 19 60 26 30 26 85 27 74 13 68 48 16 70 31 75 75 31 15 95 39 3 92 2 33 36 92 91 32 68 85 83 61 13 88 26 96 8 20 4 92 93 9 24 33 78 74 81 34 98 1 40 58 64 99 7 77 11 28 2 74 16 100 74 2 53 47 88 41 31 41 74 52 73 83 79 13 73 16 94 18 40 69 24 96 80 71 5 95 26 83 83 
46 58 44 16 81 6 55 24 89 34 97 69 11 49 92 31 63 73 49 96 92 19 66 59 54 68 23 63 92 45 55 53 2 58 66 72 20 14 64 42 41 67 73 30 25 97 78 96 24 88 23 59 80 74 85 70 87 41 30 47 5 41 26 42 28 35 68 33 21 23 66 76 94 27 74 2 7 76 13 12 12 20 8 3 36 36 31 43 92 85 48 47 95 15 10 64 72 16 24 33 
86 42 9 93 92 73 85 48 99 12 3 20 16 34 59 55 94 95 28 15 40 15 23 70 87 20 30 100 60 36 22 84 41 2 62 74 44 19 19 85 2 75 38 96 39 8 34 31 19 58 92 8 67 76 37 89 34 20 37 26 8 96 65 37 65 26 50 63 90 32 25 72 38 41 79 50 66 4 33 3 4 43 43 50 48 72 69 23 62 34 62 56 56 3 87 40 95 62 53 20 
84 9 34 88 0 10 54 46 97 7 35 76 30 24 28 0 49 57 63 42 63 4 94 9 56 46 38 6 20 42 35 51 74 12 2 18 33 31 0 96 84 17 75 78 3 72 74 0 100 84 75 8 13 85 99 44 55 1 83 89 21 66 57 71 93 22 76 75 74 71 82 75 1 52 41 76 2 28 79 58 94 67 3 62 7 88 39 78 36 14 92 29 50 33 75 41 37 57 92 25 
73 80 38 25 37 27 78 98 22 65 15 89 85 91 50 58 74 20 56 39 84 89 90 81 32 83 12 11 6 39 51 51 70 18 91 70 2 16 91 75 62 41 99 99 49 19 40 75 77 13 54 6 68 5 98 3 11 37 10 0 51 40 63 46 26 85 51 16 85 26 67 96 18 54 56 85 4 17 74 2 6 26 20 39 94 86 20 35 79 20 66 18 55 80 54 16 87 4 98 78 
95 10 85 78 83 84 46 38 58 83 36 44 81 61 10 80 39 19 73 4 79 58 3 83 57 77 13 54 98 85 76 78 48 6 62 25 14 25 4 80 21 14 32 26 6 18 67 60 49 36 50 44 60 5 75 56 3 40 76 71 93 69 58 98 5 37 57 63 14 62 33 88 81 57 52 55 51 80 72 24 86 73 96 51 52 94 56 38 80 60 41 82 63 87 92 25 65 77 57 16 
7 14 56 90 97 93 66 50 69 13 69 26 75 88 49 21 39 78 72 16 5 95 93 44 56 69 82 5 93 75 34 54 96 98 88 55 74 66 74 93 16 76 48 29 74 71 69 20 98 0 53 64 0 24 90 45 38 61 51 51 47 77 69 97 21 30 33 78 48 87 55 77 41 84 69 59 30 66 92 95 33 74 87 100 58 83 90 18 45 0 77 30 10 13 100 52 25 42 23 64 
72 13 8 17 2 70 79 22 97 19 25 28 76 8 66 70 50 32 13 66 65 22 34 48 13 42 40 59 61 71 66 72 37 35 22 89 0 33 5 10 40 13 0 3 83 75 96 10 76 98 4 46 39 5 15 34 97 24 33 88 62 91 53 32 79 0 69 22 25 2 39 40 42 52 5 67 26 94 6 76 70 82 67 42 32 36 63 62 99 32 94 79 60 96 89 76 17 91 64 4 
29 5 63 3 85 8 14 39 88 42 88 12 60 56 29 86 86 14 64 67 85 13 57 38 76 48 38 15 95 26 82 58 40 70 2 60 67 16 76 30 80 11 20 62 87 82 88 26 42 16 5 37 71 53 22 17 8 52 99 34 69 25 38 66 76 45 21 47 44 88 47 96 32 83 37 46 92 99 75 0 53 64 57 67 43 36 63 63 2 88 58 62 35 56 56 42 87 46 70 17 
56 53 65 1 68 91 21 12 20 79 71 42 84 16 3 47 52 63 65 30 52 38 37 58 57 51 8 9 77 55 53 64 12 84 31 57 29 35 86 100 47 14 17 17 78 29 82 25 66 39 36 34 76 75 68 42 68 6 5 98 18 73 44 17 8 71 91 65 43 14 66 88 16 73 31 79 82 79 64 59 60 80 8 22 4 11 100 77 58 9 22 3 36 40 19 54 21 60 33 1 
37 11 25 9 78 88 19 72 96 23 41 12 69 90 5 27 29 5 59 22 9 60 6 50 31 98 41 75 11 4 51 11 39 27 42 15 98 4 66 95 16 10 100 81 41 0 12 34 32 99 67 45 32 45 100 69 31 15 24 67 67 71 18 36 51 72 71 52 6 10 89 47 75 40 13 54 27 35 43 66 50 76 0 37 56 40 33 47 50 74 54 39 49 4 65 26 78 4 57 78 
80 48 98 24 98 41 40 74 61 99 100 48 14 23 94 12 63 73 63 31 76 33 89 95 23 43 37 83 98 88 57 52 57 76 49 76 98 83 34 38 18 11 3 60 61 78 41 56 96 4 63 2 99 92 76 18 55 18 82 49 79 40 45 90 40 82 18 36 92 88 22 88 58 22 58 94 10 66 31 47 51 74 43 30 4 5 56 12 17 51 17 34 52 58 60 29 40 74 87 58 
73 9 74 48 49 93 74 5 25 14 4 100 81 34 33 4 4 23 14 89 72 59 72 84 17 35 70 67 88 1 88 17 85 34 84 52 79 5 53 4 72 7 27 51 35 77 89 51 59 85 51 28 25 20 30 54 11 58 13 30 58 72 31 47 8 55 3 48 77 11 23 69 80 14 83 57 28 18 95 43 54 68 34 30 90 33 51 97 79 97 18 55 47 71 22 87 95 37 70 95 
53 24 79 1 89 71 64 75 69 71 28 82 88 67 34 81 93 14 29 81 61 6 42 10 42 53 58 53 34 23 88 67 56 58 44 39 18 60 4 54 81 53 85 95 48 19 84 93 50 68 24 20 70 15 48 81 5 89 12 61 43 25 42 88 45 85 81 72 25 50 80 79 26 4 27 68 77 58 8 60 23 90 5 83 66 100 68 95 81 20 14 39 55 22 0 69 8 24 47 92 
48 90 47 50 49 45 31 72 75 57 55 80 75 83 91 98 60 81 3 95 52 15 97 84 56 55 75 45 7 65 33 69 11 69 54 94 58 78 96 15 6 59 92 59 11 34 5 75 21 96 89 39 30 17 78 83 66 47 2 83 54 77 86 96 86 75 92 62 24 96 40 92 9 99 34 60 16 34 4 99 71 69 78 45 10 31 89 43 22 96 71 85 22 54 40 35 97 61 44 40 
53 64 68 93 29 12 46 51 9 1 7 91 90 24 67 4 1 11 93 52 86 25 73 96 95 89 70 93 30 34 82 74 76 15 19 6 73 41 70 75 67 7 99 21 69 52 43 34 57 77 10 48 5 69 16 12 67 5 26 25 24 7 91 0 42 82 26 23 76 45 25 51 20 39 48 84 7 95 64 7 83 35 82 15 15 87 67 28 30 62 74 15 46 37 35 42 39 100 50 57 
20 27 41 95 99 71 58 89 3 91 33 8 4 26 99 66 86 10 9 35 7 34 96 11 100 70 35 23 39 65 58 37 49 59 56 75 7 0 58 17 3 23 39 6 77 85 0 37 30 22 38 10 98 12 97 27 81 60 75 95 72 54 88 86 79 8 80 11 85 25 99 66 87 36 89 96 2 81 49 14 56 64 100 22 14 82 33 53 88 43 77 11 67 90 72 39 84 21 70 58 
35 57 100 79 51 54 72 73 43 46 94 67 51 8 74 79 95 71 87 15 100 39 30 49 85 52 59 73 14 58 53 47 58 37 21 5 83 3 57 51 75 20 16 80 17 64 99 4 2 26 83 21 25 8 5 7 12 58 64 49 86 14 2 94 70 64 19 87 8 70 9 55 80 75 5 57 85 13 33 29 38 87 61 82 90 48 55 59 17 85 41 0 29 81 0 57 83 74 72 19 
28 18 84 8 3 87 36 97 57 73 68 93 70 44 65 17 35 100 6 72 4 5 20 58 79 69 77 32 2 18 7 93 87 96 35 38 55 3 50 100 83 34 38 69 44 47 70 20 12 66 39 22 89 94 38 37 4 51 38 95 93 52 16 3 11 48 35 72 75 82 7 47 89 82 52 47 83 54 2 16 94 40 84 79 47 41 65 44 60 31 78 75 24 11 91 37 40 30 40 90 
1 79 39 90 30 27 56 18 94 25 33 60 47 74 11 39 14 75 18 88 18 33 41 29 85 20 81 95 81 28 70 27 87 65 34 23 17 32 44 56 64 35 26 32 23 28 75 44 88 67 49 81 25 83 61 56 42 68 85 96 46 0 71 69 0 79 100 87 85 94 43 9 69 57 29 27 72 32 37 4 49 62 39 30 72 3 30 92 5 62 12 12 100 77 11 38 14 74 54 78 
100 67 6 19 32 96 14 48 45 51 94 10 97 35 80 70 83 19 40 80 69 46 65 90 86 1 81 90 90 3 56 57 18 87 79 9 0 35 72 29 54 99 70 84 18 42 60 40 54 22 12 13 91 94 35 97 72 2 37 47 95 34 68 34 54 5 13 6 70 96 13 94 53 61 25 86 82 89 26 36 87 58 78 93 50 0 36 85 4 5 1 43 68 72 27 49 10 85 87 67 
21 35 23 40 75 94 27 22 73 29 94 49 21 70 41 51 6 86 57 34 16 40 31 60 9 32 16 58 39 35 96 63 16 3 31 98 88 3 58 14 62 26 100 5 7 32 94 69 78 94 59 47 40 90 40 84 49 34 29 92 97 89 58 50 29 62 88 39 78 94 34 69 77 26 65 92 42 73 45 11 41 70 15 14 42 38 64 21 20 40 23 13 82 76 29 14 79 36 5 11 
55 39 25 0 55 68 4 86 79 15 1 32 30 6 26 59 37 56 1 31 55 16 53 82 51 100 89 79 55 56 100 3 42 83 12 1 42 80 42 5 31 19 70 61 21 53 32 6 42 13 86 84 72 38 27 85 37 95 31 57 49 66 82 43 54 27 16 24 36 0 10 96 85 65 34 92 5 41 78 92 56 9 3 4 15 45 14 69 87 3 48 16 48 60 41 67 8 96 36 40 
0 97 19 96 7 72 26 94 26 71 72 96 10 54 97 5 43 23 72 19 66 4 31 77 63 46 98 6 78 66 79 87 79 93 80 90 59 96 1 11 71 75 64 40 72 99 44 45 42 53 90 92 84 74 4 42 90 74 46 64 76 56 44 84 89 80 60 23 9 95 13 65 54 48 52 43 24 56 55 33 60 87 88 63 48 43 14 95 99 26 74 59 21 16 68 75 63 92 92 12 
50 74 93 67 88 82 38 15 66 37 40 99 54 7 40 42 9 96 9 66 98 69 100 38 74 65 42 71 67 95 94 16 10 56 50 8 84 7 15 74 16 78 29 79 69 32 1 54 41 17 84 98 19 34 91 79 38 34 71 87 98 17 89 1 43 43 22 94 41 37 5 52 43 69 8 22 58 5 71 25 29 20 71 86 52 30 59 70 10 24 66 6 59 22 84 40 44 1 15 14 
27 11 58 22 98 94 24 26 67 3 97 41 41 26 11 70 89 11 52 47 96 77 78 85 47 83 11 25 39 100 48 98 80 88 100 23 2 0 83 15 65 23 38 36 39 79 57 49 23 19 3 100 29 9 35 37 86 7 34 96 72 5 95 69 6 89 49 100 50 35 14 55 27 60 77 94 30 98 91 40 33 4 53 40 11 14 48 34 70 0 35 38 60 68 63 85 66 5 81 38 
77 86 58 8 50 21 52 3 67 48 50 27 77 30 70 40 69 76 61 56 21 31 43 71 59 99 40 80 53 54 13 59 67 54 91 27 4 79 76 5 50 22 33 93 36 84 94 68 31 23 99 74 58 17 52 65 46 27 70 54 94 46 26 64 50 74 8 15 53 77 73 85 51 45 69 96 49 5 90 17 76 10 23 69 74 7 28 54 90 99 31 67 75 59 97 44 62 49 73 67 
48 52 68 54 67 43 73 4 18 93 22 77 14 80 25 73 99 78 54 76 74 3 18 81 27 82 18 7 11 7 22 37 90 77 97 89 92 51 40 20 8 12 4 28 44 97 93 46 65 71 90 73 30 90 53 71 34 59 30 3 96 82 77 25 96 75 99 17 29 39 14 36 18 7 72 76 20 3 73 46 94 4 4 88 5 44 66 56 31 41 13 61 96 96 42 93 99 100 33 59 
14 17 33 26 77 66 22 5 14 10 54 1 22 93 61 54 59 3 73 91 30 76 23 60 26 86 75 14 60 51 43 89 47 26 82 49 19 8 56 18 24 66 69 68 72 75 1 18 96 94 27 19 64 31 45 92 49 54 40 46 40 87 9 46 0 37 87 34 41 60 82 20 24 100 51 33 7 50 52 47 10 82 66 48 66 22 33 71 25 65 78 87 15 36 87 74 37 100 90 52 
45 58 16 49 78 86 82 69 24 59 66 8 83 91 24 53 90 21 48 77 55 66 12 85 24 47 97 36 7 75 91 4 59 47 23 97 64 3 22 87 99 61 83 1 92 4 14 38 75 13 9 16 83 53 47 83 96 98 34 90 83 80 39 0 45 81 37 68 40 88 71 94 99 41 22 59 47 20 15 94 50 53 42 45 12 34 2 63 95 43 31 45 42 14 96 71 54 40 5 0 
8 77 32 38 95 68 5 70 43 73 47 8 75 0 51 43 98 62 65 0 62 63 4 45 26 36 74 89 30 98 75 23 60 50 57 22 56 10 1 0 57 61 27 77 99 8 40 86 18 98 52 94 1 8 24 63 4 44 82 87 35 86 59 69 51 63 19 79 52 20 64 75 3 86 16 32 78 6 66 32 2 89 56 54 92 8 27 53 52 22 54 71 46 90 25 33 57 5 94 76 
78 64 73 17 40 58 39 69 21 63 45 47 94 32 67 82 77 90 31 26 73 52 11 82 11 44 58 18 94 28 48 87 39 82 94 58 55 43 98 65 56 8 47 99 4 87 41 64 90 84 86 68 25 45 37 4 24 80 5 56 17 47 90 18 72 78 67 63 44 52 27 56 87 40 81 63 44 12 19 97 52 43 84 54 65 58 22 64 64 46 79 17 25 27 73 84 17 25 96 95 
1 65 43 4 42 21 7 39 28 84 49 60 29 84 94 43 57 51 31 12 74 47 96 63 61 43 21 14 100 35 53 68 30 100 100 64 51 55 68 98 9 68 100 50 13 63 71 98 76 33 94 50 4 60 32 53 63 48 72 97 88 20 59 32 3 48 34 98 7 99 46 80 41 71 45 28 15 95 95 84 30 47 20 17 18 60 9 27 86 56 79 13 30 40 78 79 14 23 60 62 
